64678
54331
12721
57062
20512
23281
48634
6249
28927
56784
35848
45675
53867
898
32525
36616
14083
36725
43875
18783
50062
1147
60536
17615
14199
53753
56034
43123
30553
56632
64061
29695
45427
11247
21222
404
34528
4320
6653
63455
61105
42501
43594
49436
43400
10583
20516
57483
47309
64392
10730
31835
3
5730
49450
14202
59484
39948
57325
24501
31044
55851
54197
10936
1562
9883
11340
36090
14203
17993
34009
9772
60494
12068
59208
38358
22651
14189
30306
4424
13
41036
36259
13048
46767
20173
27251
40715
60121
19040
65216
25630
9355
53877
36566
10917
63760
47906
47007
12428
